function cmap = translationpal

cmap = [   
   255   213     0
   255   210     0
   254   207     0
   253   203     0
   252   200     0
   251   196     0
   251   193     0
   250   190     0
   249   186     0
   248   183     0
   247   180     0
   247   176     0
   246   173     0
   245   170     0
   244   166     0
   243   163     0
   243   159     0
   242   156     0
   241   153     0
   240   149     0
   239   146     0
   239   143     0
   238   139     0
   237   136     0
   236   133     0
   235   129     0
   235   126     0
   234   122     0
   233   119     0
   232   116     0
   231   112     0
   231   109     0
   230   106     0
   229   102     0
   228    99     0
   227    95     0
   226    92     0
   226    89     0
   225    85     0
   224    82     0
   223    79     0
   222    75     0
   222    72     0
   221    69     0
   220    65     0
   219    62     0
   218    58     0
   218    55     0
   217    52     0
   216    48     0
   215    45     0
   214    42     0
   214    38     0
   213    35     0
   212    31     0
   211    28     0
   210    25     0
   210    21     0
   209    18     0
   208    15     0
   207    11     0
   206     8     0
   206     5     0
   205     1     0
   203     0     0
   199     0     0
   196     0     0
   193     0     0
   190     0     0
   187     0     0
   183     0     0
   180     0     0
   177     0     0
   174     0     0
   170     0     0
   167     0     0
   164     0     0
   161     0     0
   158     0     0
   154     0     0
   151     0     0
   148     0     0
   145     0     0
   141     0     0
   138     0     0
   135     0     0
   132     0     0
   129     0     0
   125     0     0
   122     0     0
   119     0     0
   116     0     0
   112     0     0
   109     0     0
   106     0     0
   103     0     0
    99     0     0
    96     0     0
    93     0     0
    90     0     0
    87     0     0
    83     0     0
    80     0     0
    77     0     0
    74     0     0
    70     0     0
    67     0     0
    64     0     0
    61     0     0
    58     0     0
    54     0     0
    51     0     0
    48     0     0
    45     0     0
    41     0     0
    38     0     0
    35     0     0
    32     0     0
    29     0     0
    25     0     0
    22     0     0
    19     0     0
    16     0     0
    12     0     0
     9     0     0
     6     0     0
     3     0     0
     0     0     0
     0     0     3
     0     0     6
     0     0     9
     0     0    12
     0     0    16
     0     0    19
     0     0    22
     0     0    25
     0     0    29
     0     0    32
     0     0    35
     0     0    38
     0     0    41
     0     0    45
     0     0    48
     0     0    51
     0     0    54
     0     0    58
     0     0    61
     0     0    64
     0     0    67
     0     0    70
     0     0    74
     0     0    77
     0     0    80
     0     0    83
     0     0    87
     0     0    90
     0     0    93
     0     0    96
     0     0    99
     0     0   103
     0     0   106
     0     0   109
     0     0   112
     0     0   116
     0     0   119
     0     0   122
     0     0   125
     0     0   129
     0     0   132
     0     0   135
     0     0   138
     0     0   141
     0     0   145
     0     0   148
     0     0   151
     0     0   154
     0     0   158
     0     0   161
     0     0   164
     0     0   167
     0     0   170
     0     0   174
     0     0   177
     0     0   180
     0     0   183
     0     0   187
     0     0   190
     0     0   193
     0     0   196
     0     0   199
     0     0   203
     0     1   205
     0     5   206
     0     8   206
     0    11   207
     0    15   208
     0    18   209
     0    21   210
     0    25   210
     0    28   211
     0    31   212
     0    35   213
     0    38   214
     0    42   214
     0    45   215
     0    48   216
     0    52   217
     0    55   218
     0    58   218
     0    62   219
     0    65   220
     0    69   221
     0    72   222
     0    75   222
     0    79   223
     0    82   224
     0    85   225
     0    89   226
     0    92   226
     0    95   227
     0    99   228
     0   102   229
     0   106   230
     0   109   231
     0   112   231
     0   116   232
     0   119   233
     0   122   234
     0   126   235
     0   129   235
     0   133   236
     0   136   237
     0   139   238
     0   143   239
     0   146   239
     0   149   240
     0   153   241
     0   156   242
     0   159   243
     0   163   243
     0   166   244
     0   170   245
     0   173   246
     0   176   247
     0   180   247
     0   183   248
     0   186   249
     0   190   250
     0   193   251
     0   196   251
     0   200   252
     0   203   253
     0   207   254
     0   210   255
     0   213   255]/256;

end