function cmap = translationpalwhitebg

cmap = [
    0    68   144
    1    70   144
    1    71   144
    2    73   144
    3    74   143
    3    76   143
    4    78   143
    5    79   143
    5    81   143
    6    83   143
    6    84   143
    7    86   143
    8    87   142
    8    89   142
    9    91   142
    10    92   142
    10    94   142
    11    96   142
    12    97   142
    12    99   142
    13   100   141
    14   102   141
    14   104   141
    15   105   141
    15   107   141
    16   109   141
    17   110   141
    17   112   141
    18   113   140
    19   115   140
    19   117   140
    20   118   140
    21   120   140
    21   122   140
    22   123   140
    23   125   140
    23   126   139
    24   128   139
    25   130   139
    25   131   139
    26   133   139
    26   135   139
    27   136   139
    28   138   139
    28   139   138
    29   141   138
    30   143   138
    30   144   138
    31   146   138
    32   147   138
    32   149   138
    33   151   138
    34   152   137
    34   154   137
    35   156   137
    36   157   137
    36   159   137
    37   160   137
    37   162   137
    38   164   137
    39   165   136
    39   167   136
    40   169   136
    41   170   136
    43   172   137
    46   173   139
    49   174   141
    53   176   143
    56   177   144
    60   178   146
    63   180   148
    66   181   150
    70   182   152
    73   184   154
    76   185   156
    80   186   158
    83   188   159
    86   189   161
    90   190   163
    93   192   165
    97   193   167
    100   194   169
    103   195   171
    107   197   173
    110   198   174
    113   199   176
    117   201   178
    120   202   180
    124   203   182
    127   205   184
    130   206   186
    134   207   188
    137   209   189
    140   210   191
    144   211   193
    147   213   195
    151   214   197
    154   215   199
    157   217   201
    161   218   203
    164   219   204
    167   221   206
    171   222   208
    174   223   210
    177   225   212
    181   226   214
    184   227   216
    188   229   218
    191   230   219
    194   231   221
    198   233   223
    201   234   225
    204   235   227
    208   236   229
    211   238   231
    215   239   233
    218   240   234
    221   242   236
    225   243   238
    228   244   240
    231   246   242
    235   247   244
    238   248   246
    242   250   248
    245   251   249
    248   252   251
    252   254   253
    255   255   255
    255   254   252
    255   254   249
    255   253   246
    255   253   243
    255   252   240
    254   252   237
    254   251   234
    254   251   231
    254   250   228
    254   250   225
    254   249   222
    254   249   219
    254   248   216
    254   248   213
    254   247   210
    253   246   207
    253   246   204
    253   245   201
    253   245   198
    253   244   195
    253   244   192
    253   243   188
    253   243   185
    253   242   182
    253   242   179
    253   241   176
    252   241   173
    252   240   170
    252   239   167
    252   239   164
    252   238   161
    252   238   158
    252   237   155
    252   237   152
    252   236   149
    252   236   146
    252   235   143
    251   235   140
    251   234   137
    251   234   134
    251   233   131
    251   233   128
    251   232   125
    251   231   122
    251   231   119
    251   230   116
    251   230   113
    250   229   110
    250   229   107
    250   228   104
    250   228   101
    250   227    98
    250   227    95
    250   226    92
    250   226    89
    250   225    86
    250   224    83
    250   224    80
    249   223    77
    249   223    74
    249   222    71
    249   222    68
    249   221    65
    249   220    63
    249   217    62
    248   215    61
    248   212    60
    248   210    59
    248   207    58
    248   205    57
    247   202    56
    247   200    55
    247   197    54
    247   195    53
    246   192    52
    246   190    51
    246   187    50
    246   184    49
    246   182    48
    245   179    47
    245   177    46
    245   174    45
    245   172    44
    244   169    43
    244   167    42
    244   164    41
    244   162    40
    244   159    39
    243   157    38
    243   154    37
    243   152    36
    243   149    35
    242   147    34
    242   144    33
    242   142    32
    242   139    31
    242   137    30
    241   134    29
    241   132    28
    241   129    27
    241   127    26
    241   124    25
    240   121    24
    240   119    23
    240   116    22
    240   114    21
    239   111    20
    239   109    19
    239   106    18
    239   104    17
    239   101    16
    238    99    15
    238    96    14
    238    94    13
    238    91    12
    237    89    11
    237    86    10
    237    84     9
    237    81     8
    237    79     7
    236    76     6
    236    74     5
    236    71     4
    236    69     3
    235    66     2
    235    64     1
    235    61     0]/256;

end